[app/ui]
version = 6.2.1
modtime = 1419975801.394689000

[app/launcher]
version = 6.2.1
modtime = 1419975801.395531000

[nav/default]
version = 6.2.1
modtime = 1420617441.037014000

[app/install/install_source_checksum]
version = 6.2.1
modtime = 1421099097.347452000
